01111011000001000001011000101110
00111010011100110111000001110100
01101100011010010010111100101111
00101110011100110110000101101001
01101011001011010110100001110100
01101110011011000110010101101111
00101111011001010110010000101110
01100001011010010110110001101001
01101000011100000010111001110011
01100101011100100011111101110000
01100100011010010101111101100110
00110001001100010011100100111101
00100110001100000011000100110001
00111101011001000110110101100011
01100100011011100110010101110010
01100011001001100111001001100101
01101100010000110110010001101101
00111101011100110111001101100001
01100101011100100110110001101001
01101001011100110110111101110000
01111001011100100110111101110100
00100110011010010111010101100111
01001110011001000110110101100011
00111101011001010110010001101111
01100010001001100011011101110101
01000011011001010111001101100001
01110011011100110110000101101100
01110010011011000110100100111101
01110011011011110111000001100101
01110010011011110111010001101001
01101001011101010110011101111001
11011101001011010000000000000000
